# Created by Octave 5.2.0, Tue Jul 07 18:43:29 2020 GMT <unknown@Charlies>
# name: A
# type: matrix
# rows: 1
# columns: 4
 1 2 3 4


